CMDLINE ./runbudack.sh
MEM 0.003906 1636587799.3336
MEM 3.492188 1636587799.4368
CHLD 0 20.031250 1636587799.4396
CHLD 1 7.441406 1636587799.4396
CHLD 2 10.000000 1636587799.4396
CHLD 3 9.464844 1636587799.4396
CHLD 4 8.066406 1636587799.4396
MEM 3.492188 1636587799.5399
CHLD 0 20.031250 1636587799.5427
CHLD 1 30.015625 1636587799.5427
CHLD 2 31.851562 1636587799.5427
CHLD 3 30.789062 1636587799.5427
CHLD 4 31.898438 1636587799.5428
MEM 3.492188 1636587799.6430
CHLD 0 20.031250 1636587799.6461
CHLD 1 31.691406 1636587799.6462
CHLD 2 33.656250 1636587799.6462
CHLD 3 33.109375 1636587799.6462
CHLD 4 33.316406 1636587799.6462
MEM 3.492188 1636587799.7465
CHLD 0 20.031250 1636587799.7494
CHLD 1 33.238281 1636587799.7494
CHLD 2 34.171875 1636587799.7494
CHLD 3 33.625000 1636587799.7495
CHLD 4 34.218750 1636587799.7495
MEM 3.492188 1636587799.8497
CHLD 0 20.031250 1636587799.8526
CHLD 1 34.140625 1636587799.8527
CHLD 2 34.558594 1636587799.8527
CHLD 3 34.527344 1636587799.8527
CHLD 4 34.605469 1636587799.8527
MEM 3.492188 1636587799.9530
CHLD 0 20.031250 1636587799.9561
CHLD 1 34.656250 1636587799.9561
CHLD 2 34.687500 1636587799.9561
CHLD 3 34.914062 1636587799.9562
CHLD 4 35.121094 1636587799.9562
MEM 3.492188 1636587800.0564
CHLD 0 20.031250 1636587800.0592
CHLD 1 35.042969 1636587800.0592
CHLD 2 35.203125 1636587800.0592
CHLD 3 35.300781 1636587800.0592
CHLD 4 35.507812 1636587800.0592
MEM 3.492188 1636587800.1595
CHLD 0 20.031250 1636587800.1625
CHLD 1 35.300781 1636587800.1625
CHLD 2 35.460938 1636587800.1626
CHLD 3 35.687500 1636587800.1626
CHLD 4 35.765625 1636587800.1626
MEM 3.492188 1636587800.2630
CHLD 0 20.031250 1636587800.2658
CHLD 1 35.558594 1636587800.2659
CHLD 2 35.718750 1636587800.2659
CHLD 3 35.945312 1636587800.2659
CHLD 4 35.894531 1636587800.2659
MEM 3.492188 1636587800.3662
CHLD 0 20.031250 1636587800.3694
CHLD 1 35.816406 1636587800.3694
CHLD 2 35.976562 1636587800.3694
CHLD 3 36.203125 1636587800.3694
CHLD 4 36.023438 1636587800.3695
MEM 3.492188 1636587800.4698
CHLD 0 20.031250 1636587800.4729
CHLD 1 35.816406 1636587800.4730
CHLD 2 36.105469 1636587800.4730
CHLD 3 36.332031 1636587800.4730
CHLD 4 36.281250 1636587800.4730
MEM 3.492188 1636587800.5733
CHLD 0 20.031250 1636587800.5760
CHLD 1 35.945312 1636587800.5760
CHLD 2 36.105469 1636587800.5760
CHLD 3 36.460938 1636587800.5761
CHLD 4 36.281250 1636587800.5761
MEM 3.492188 1636587800.6763
CHLD 0 20.031250 1636587800.6796
CHLD 1 36.074219 1636587800.6796
CHLD 2 36.234375 1636587800.6796
CHLD 3 36.460938 1636587800.6796
CHLD 4 36.410156 1636587800.6796
MEM 3.492188 1636587800.7799
CHLD 0 20.031250 1636587800.7826
CHLD 1 36.203125 1636587800.7827
CHLD 2 36.363281 1636587800.7827
CHLD 3 36.589844 1636587800.7827
CHLD 4 36.410156 1636587800.7827
MEM 3.492188 1636587800.8830
CHLD 0 20.031250 1636587800.8857
CHLD 1 36.332031 1636587800.8857
CHLD 2 36.363281 1636587800.8857
CHLD 3 36.718750 1636587800.8858
CHLD 4 36.539062 1636587800.8858
MEM 3.492188 1636587800.9860
CHLD 0 20.031250 1636587800.9891
CHLD 1 36.460938 1636587800.9891
CHLD 2 36.492188 1636587800.9892
CHLD 3 36.847656 1636587800.9892
CHLD 4 36.539062 1636587800.9892
MEM 3.492188 1636587801.0895
CHLD 0 20.031250 1636587801.0922
CHLD 1 36.460938 1636587801.0922
CHLD 2 36.492188 1636587801.0922
CHLD 3 36.847656 1636587801.0922
CHLD 4 36.539062 1636587801.0923
MEM 3.492188 1636587801.1925
CHLD 0 20.031250 1636587801.1952
CHLD 1 36.589844 1636587801.1953
CHLD 2 36.621094 1636587801.1953
CHLD 3 36.976562 1636587801.1953
CHLD 4 36.539062 1636587801.1953
MEM 3.492188 1636587801.2957
CHLD 0 20.031250 1636587801.2988
CHLD 1 36.718750 1636587801.2988
CHLD 2 36.621094 1636587801.2988
CHLD 3 36.976562 1636587801.2988
CHLD 4 36.539062 1636587801.2989
MEM 3.492188 1636587801.3991
CHLD 0 20.031250 1636587801.4023
CHLD 1 36.718750 1636587801.4023
CHLD 2 36.750000 1636587801.4023
CHLD 3 36.976562 1636587801.4023
CHLD 4 36.667969 1636587801.4023
MEM 3.492188 1636587801.5026
CHLD 0 20.031250 1636587801.5056
CHLD 1 36.847656 1636587801.5056
CHLD 2 36.750000 1636587801.5056
CHLD 3 37.105469 1636587801.5057
CHLD 4 36.667969 1636587801.5057
MEM 3.492188 1636587801.6060
CHLD 0 20.031250 1636587801.6087
CHLD 1 36.847656 1636587801.6087
CHLD 2 36.878906 1636587801.6089
CHLD 3 37.105469 1636587801.6089
CHLD 4 36.796875 1636587801.6089
MEM 3.492188 1636587801.7092
CHLD 0 20.031250 1636587801.7119
CHLD 1 36.976562 1636587801.7119
CHLD 2 36.878906 1636587801.7119
CHLD 3 37.105469 1636587801.7119
CHLD 4 36.796875 1636587801.7120
MEM 3.492188 1636587801.8122
CHLD 0 20.031250 1636587801.8155
CHLD 1 36.976562 1636587801.8155
CHLD 2 36.878906 1636587801.8155
CHLD 3 37.234375 1636587801.8156
CHLD 4 36.925781 1636587801.8156
MEM 3.492188 1636587801.9158
CHLD 0 20.031250 1636587801.9186
CHLD 1 37.105469 1636587801.9186
CHLD 2 37.007812 1636587801.9186
CHLD 3 37.234375 1636587801.9186
CHLD 4 36.925781 1636587801.9186
MEM 3.492188 1636587802.0189
CHLD 0 20.031250 1636587802.0219
CHLD 1 37.105469 1636587802.0219
CHLD 2 37.007812 1636587802.0219
CHLD 3 37.234375 1636587802.0219
CHLD 4 37.054688 1636587802.0219
MEM 3.492188 1636587802.1223
CHLD 0 20.031250 1636587802.1253
CHLD 1 37.234375 1636587802.1253
CHLD 2 37.136719 1636587802.1253
CHLD 3 37.234375 1636587802.1254
CHLD 4 37.054688 1636587802.1254
MEM 3.492188 1636587802.2256
CHLD 0 20.031250 1636587802.2287
CHLD 1 37.234375 1636587802.2287
CHLD 2 37.136719 1636587802.2288
CHLD 3 37.363281 1636587802.2288
CHLD 4 37.183594 1636587802.2288
MEM 3.492188 1636587802.3292
CHLD 0 20.031250 1636587802.3320
CHLD 1 37.234375 1636587802.3320
CHLD 2 37.136719 1636587802.3320
CHLD 3 37.363281 1636587802.3321
CHLD 4 37.183594 1636587802.3321
MEM 3.492188 1636587802.4323
CHLD 0 20.031250 1636587802.4362
CHLD 1 37.363281 1636587802.4363
CHLD 2 37.136719 1636587802.4363
CHLD 3 37.363281 1636587802.4363
CHLD 4 37.183594 1636587802.4363
MEM 3.492188 1636587802.5367
CHLD 0 20.031250 1636587802.5405
CHLD 1 37.363281 1636587802.5406
CHLD 2 37.265625 1636587802.5406
CHLD 3 37.363281 1636587802.5406
CHLD 4 37.183594 1636587802.5406
MEM 3.492188 1636587802.6409
CHLD 0 20.031250 1636587802.6437
CHLD 1 37.492188 1636587802.6437
CHLD 2 37.265625 1636587802.6437
CHLD 3 37.363281 1636587802.6437
CHLD 4 37.312500 1636587802.6437
MEM 3.492188 1636587802.7440
CHLD 0 20.031250 1636587802.7472
CHLD 1 37.492188 1636587802.7472
CHLD 2 37.265625 1636587802.7472
CHLD 3 37.492188 1636587802.7472
CHLD 4 37.312500 1636587802.7473
MEM 3.492188 1636587802.8475
CHLD 0 20.031250 1636587802.8505
CHLD 1 37.492188 1636587802.8505
CHLD 2 37.394531 1636587802.8505
CHLD 3 37.492188 1636587802.8506
CHLD 4 37.312500 1636587802.8506
MEM 3.492188 1636587802.9508
CHLD 0 20.031250 1636587802.9538
CHLD 1 37.492188 1636587802.9538
CHLD 2 37.394531 1636587802.9538
CHLD 3 37.492188 1636587802.9539
CHLD 4 37.312500 1636587802.9539
MEM 3.492188 1636587803.0542
CHLD 0 20.031250 1636587803.0570
CHLD 1 37.621094 1636587803.0570
CHLD 2 37.394531 1636587803.0570
CHLD 3 37.492188 1636587803.0570
CHLD 4 37.312500 1636587803.0570
MEM 3.492188 1636587803.1573
CHLD 0 20.031250 1636587803.1610
CHLD 1 37.621094 1636587803.1611
CHLD 2 37.394531 1636587803.1611
CHLD 3 37.492188 1636587803.1611
CHLD 4 37.312500 1636587803.1611
MEM 3.492188 1636587803.2614
CHLD 0 20.031250 1636587803.2648
CHLD 1 37.621094 1636587803.2648
CHLD 2 37.523438 1636587803.2648
CHLD 3 37.621094 1636587803.2648
CHLD 4 37.441406 1636587803.2648
MEM 3.492188 1636587803.3651
CHLD 0 20.031250 1636587803.3678
CHLD 1 37.750000 1636587803.3678
CHLD 2 37.523438 1636587803.3679
CHLD 3 37.621094 1636587803.3679
CHLD 4 37.441406 1636587803.3679
MEM 3.492188 1636587803.4682
CHLD 0 20.031250 1636587803.4722
CHLD 1 37.750000 1636587803.4723
CHLD 2 37.523438 1636587803.4723
CHLD 3 37.621094 1636587803.4723
CHLD 4 37.441406 1636587803.4723
MEM 3.492188 1636587803.5731
CHLD 0 20.031250 1636587803.5758
CHLD 1 37.750000 1636587803.5758
CHLD 2 37.523438 1636587803.5759
CHLD 3 37.621094 1636587803.5759
CHLD 4 37.441406 1636587803.5759
MEM 3.492188 1636587803.6762
CHLD 0 20.031250 1636587803.6791
CHLD 1 37.750000 1636587803.6791
CHLD 2 37.523438 1636587803.6792
CHLD 3 37.750000 1636587803.6792
CHLD 4 37.570312 1636587803.6792
MEM 3.492188 1636587803.7797
CHLD 0 20.031250 1636587803.7825
CHLD 1 37.878906 1636587803.7825
CHLD 2 37.523438 1636587803.7826
CHLD 3 37.750000 1636587803.7826
CHLD 4 37.570312 1636587803.7826
MEM 3.492188 1636587803.8829
CHLD 0 20.031250 1636587803.8864
CHLD 1 37.878906 1636587803.8864
CHLD 2 37.652344 1636587803.8864
CHLD 3 37.750000 1636587803.8864
CHLD 4 37.570312 1636587803.8865
MEM 3.492188 1636587803.9868
CHLD 0 20.031250 1636587803.9899
CHLD 1 37.878906 1636587803.9899
CHLD 2 37.652344 1636587803.9899
CHLD 3 37.750000 1636587803.9899
CHLD 4 37.570312 1636587803.9899
MEM 3.492188 1636587804.0902
CHLD 0 20.031250 1636587804.0929
CHLD 1 37.878906 1636587804.0929
CHLD 2 37.652344 1636587804.0930
CHLD 3 37.750000 1636587804.0930
CHLD 4 37.570312 1636587804.0930
MEM 3.492188 1636587804.1933
CHLD 0 20.031250 1636587804.1968
CHLD 1 37.878906 1636587804.1968
CHLD 2 37.652344 1636587804.1968
CHLD 3 37.750000 1636587804.1968
CHLD 4 37.570312 1636587804.1969
MEM 3.492188 1636587804.2971
CHLD 0 20.031250 1636587804.2999
CHLD 1 37.878906 1636587804.2999
CHLD 2 37.652344 1636587804.3000
CHLD 3 37.750000 1636587804.3000
CHLD 4 37.699219 1636587804.3000
MEM 3.492188 1636587804.4003
CHLD 0 20.031250 1636587804.4030
CHLD 1 37.878906 1636587804.4030
CHLD 2 37.652344 1636587804.4031
CHLD 3 37.878906 1636587804.4031
CHLD 4 37.699219 1636587804.4031
MEM 3.492188 1636587804.5034
CHLD 0 20.031250 1636587804.5077
CHLD 1 37.878906 1636587804.5078
CHLD 2 37.781250 1636587804.5078
CHLD 3 37.878906 1636587804.5078
CHLD 4 37.699219 1636587804.5078
MEM 3.492188 1636587804.6082
CHLD 0 20.031250 1636587804.6113
CHLD 1 38.007812 1636587804.6113
CHLD 2 37.781250 1636587804.6113
CHLD 3 37.878906 1636587804.6113
CHLD 4 37.828125 1636587804.6114
MEM 3.492188 1636587804.7116
CHLD 0 20.031250 1636587804.7148
CHLD 1 38.007812 1636587804.7148
CHLD 2 37.781250 1636587804.7148
CHLD 3 37.878906 1636587804.7148
CHLD 4 37.828125 1636587804.7149
MEM 3.492188 1636587804.8151
CHLD 0 20.031250 1636587804.8178
CHLD 1 38.007812 1636587804.8179
CHLD 2 37.781250 1636587804.8179
CHLD 3 37.878906 1636587804.8179
CHLD 4 37.828125 1636587804.8179
MEM 3.492188 1636587804.9182
CHLD 0 20.031250 1636587804.9211
CHLD 1 38.007812 1636587804.9211
CHLD 2 37.781250 1636587804.9211
CHLD 3 37.878906 1636587804.9211
CHLD 4 37.828125 1636587804.9212
MEM 3.492188 1636587805.0214
CHLD 0 20.031250 1636587805.0245
CHLD 1 38.007812 1636587805.0245
CHLD 2 37.910156 1636587805.0245
CHLD 3 38.007812 1636587805.0246
CHLD 4 37.828125 1636587805.0246
MEM 3.492188 1636587805.1250
CHLD 0 20.031250 1636587805.1277
CHLD 1 38.007812 1636587805.1277
CHLD 2 37.910156 1636587805.1277
CHLD 3 38.007812 1636587805.1277
CHLD 4 37.828125 1636587805.1277
MEM 3.492188 1636587805.2291
CHLD 0 20.031250 1636587805.2320
CHLD 1 38.136719 1636587805.2320
CHLD 2 37.910156 1636587805.2321
CHLD 3 38.007812 1636587805.2321
CHLD 4 37.957031 1636587805.2321
MEM 3.492188 1636587805.3324
CHLD 0 20.031250 1636587805.3358
CHLD 1 38.136719 1636587805.3358
CHLD 2 37.910156 1636587805.3358
CHLD 3 38.007812 1636587805.3358
CHLD 4 37.957031 1636587805.3359
MEM 3.492188 1636587805.4361
CHLD 0 20.031250 1636587805.4399
CHLD 1 38.136719 1636587805.4399
CHLD 2 37.910156 1636587805.4400
CHLD 3 38.007812 1636587805.4400
CHLD 4 37.957031 1636587805.4400
MEM 3.492188 1636587805.5403
CHLD 0 20.031250 1636587805.5439
CHLD 1 38.136719 1636587805.5440
CHLD 2 37.910156 1636587805.5440
CHLD 3 38.007812 1636587805.5440
CHLD 4 37.957031 1636587805.5440
MEM 3.492188 1636587805.6443
CHLD 0 20.031250 1636587805.6482
CHLD 1 38.136719 1636587805.6482
CHLD 2 37.910156 1636587805.6482
CHLD 3 38.007812 1636587805.6482
CHLD 4 37.957031 1636587805.6483
MEM 3.492188 1636587805.7485
CHLD 0 20.031250 1636587805.7512
CHLD 1 38.136719 1636587805.7513
CHLD 2 37.910156 1636587805.7513
CHLD 3 38.007812 1636587805.7513
CHLD 4 37.957031 1636587805.7513
MEM 3.492188 1636587805.8516
CHLD 0 20.031250 1636587805.8545
CHLD 1 38.136719 1636587805.8545
CHLD 2 37.910156 1636587805.8545
CHLD 3 38.136719 1636587805.8546
CHLD 4 37.957031 1636587805.8546
MEM 3.492188 1636587805.9548
CHLD 0 20.031250 1636587805.9578
CHLD 1 38.265625 1636587805.9578
CHLD 2 37.843750 1636587805.9578
CHLD 3 38.136719 1636587805.9578
CHLD 4 37.957031 1636587805.9579
MEM 3.492188 1636587806.0581
CHLD 0 20.031250 1636587806.0615
CHLD 1 38.265625 1636587806.0616
CHLD 2 37.843750 1636587806.0616
CHLD 3 38.136719 1636587806.0616
CHLD 4 38.085938 1636587806.0616
MEM 3.492188 1636587806.1619
CHLD 0 20.031250 1636587806.1651
CHLD 1 38.265625 1636587806.1651
CHLD 2 37.843750 1636587806.1651
CHLD 3 38.027344 1636587806.1652
CHLD 4 38.085938 1636587806.1652
MEM 3.492188 1636587806.2654
CHLD 0 20.031250 1636587806.2681
CHLD 1 38.265625 1636587806.2682
CHLD 2 37.843750 1636587806.2682
CHLD 3 38.027344 1636587806.2682
CHLD 4 37.910156 1636587806.2682
MEM 3.492188 1636587806.3685
CHLD 0 20.031250 1636587806.3714
CHLD 1 38.265625 1636587806.3714
CHLD 2 37.843750 1636587806.3714
CHLD 3 38.027344 1636587806.3714
CHLD 4 37.910156 1636587806.3714
MEM 3.492188 1636587806.4717
CHLD 0 20.031250 1636587806.4750
CHLD 1 38.265625 1636587806.4750
CHLD 2 37.843750 1636587806.4750
CHLD 3 38.027344 1636587806.4750
CHLD 4 37.910156 1636587806.4750
MEM 3.492188 1636587806.5753
CHLD 0 20.031250 1636587806.5780
CHLD 1 64.234375 1636587806.5781
CHLD 2 54.398438 1636587806.5781
CHLD 3 54.566406 1636587806.5781
CHLD 4 38.312500 1636587806.5781
MEM 3.492188 1636587806.6784
CHLD 0 20.031250 1636587806.6817
CHLD 1 65.687500 1636587806.6817
CHLD 2 54.398438 1636587806.6817
CHLD 3 54.566406 1636587806.6817
CHLD 4 38.312500 1636587806.6818
MEM 3.492188 1636587806.7820
CHLD 0 20.031250 1636587806.7846
CHLD 1 65.687500 1636587806.7847
CHLD 2 54.398438 1636587806.7847
CHLD 3 54.566406 1636587806.7847
CHLD 4 38.312500 1636587806.7847
MEM 3.492188 1636587806.8850
CHLD 0 20.031250 1636587806.8876
CHLD 1 11.054688 1636587806.8876
CHLD 2 53.195312 1636587806.8876
CHLD 3 53.464844 1636587806.8877
CHLD 4 37.109375 1636587806.8877
